0.132142857143 0.666071428571
0.151785714286 0.394642857143
0.357142857143 0.4375
0.341071428571 0.614285714286
0.660714285714 0.591071428571
0.644642857143 0.35
0.426785714286 0.208928571429
0.633928571429 0.210714285714
0.223214285714 0.539285714286
0.108928571429 0.523214285714
0.266071428571 0.705357142857
0.355357142857 0.683928571429
0.333928571429 0.835714285714
0.191071428571 0.721428571429
0.253571428571 0.630357142857
0.217857142857 0.469642857143
0.1125 0.4625
0.253571428571 0.378571428571
0.580357142857 0.696428571429
0.6125 0.557142857143
0.75 0.598214285714
0.723214285714 0.903571428571
0.810714285714 0.75
0.682142857143 0.742857142857
0.855357142857 0.625
0.548214285714 0.873214285714
0.805357142857 0.4125
0.530357142857 0.366071428571
0.546428571429 0.144642857143
0.469642857143 0.219642857143
0.778571428571 0.2625
0.708928571429 0.141071428571
0.398214285714 0.301785714286
0.5625 0.4625
0.785714285714 0.317857142857
0.883928571429 0.242857142857
0.833928571429 0.171428571429
0.383928571429 0.166071428571
0.282142857143 0.253571428571
0.392857142857 0.357142857143
0.496428571429 0.308928571429
0.496428571429 0.307142857143
0.2875 0.757142857143
0.292857142857 0.617857142857
0.875 0.835714285714
0.842857142857 0.653571428571
0.457142857143 0.105357142857
0.621428571429 0.0892857142857
0.166071428571 0.335714285714
0.075 0.503571428571
0.373214285714 0.7625
0.6875 0.278571428571
0.701785714286 0.075
0.667857142857 0.866071428571
0.792857142857 0.9
0.925 0.726785714286
0.207142857143 0.7875
0.0589285714286 0.726785714286
